/*****************************************************************************
 *
 * Ivan Anishchenko <anishchenko.ivan@gmail.com>
 *
 * 2013-2016, Vakser Lab, Center for Computational biology, University of Kansas
 *
 *****************************************************************************/

#include <cstring>

#include "AACE.h"
#include "Options.h"

#define DMAX 6.8

int main(int argc, char *argv[]) {

	/*
	 * (0) default energies (dmax=6.8A, kmin=5)
	 */
	const std::vector<double> h = {
		-6.96921e-01, -7.96163e-01, -7.39713e-01, -9.67062e-01, -9.08670e-01, -6.37930e-01, -7.23426e-01, -8.25719e-01, -7.11241e-01, -5.58134e-01, -5.02065e-01, -4.98840e-01, -4.50396e-01, -4.66921e-01, -8.87286e-01, -7.97970e-01, -5.23384e-01, -5.74512e-01, -6.35847e-01, -5.98703e-01, -5.15083e-01, -4.84391e-01, -7.10127e-01, -6.57809e-01, -9.64379e-01, -1.06821e+00, -1.09506e+00, -1.08155e+00, -1.02095e+00, -1.00156e+00, -1.14217e+00, -1.09832e+00, 1.68984e+00, 1.84636e+00, 2.18567e+00, 2.72678e+00, 1.36477e+00, 1.38616e+00, -4.90564e-01, -6.11036e-01, -6.34165e-01, -5.77062e-01, -5.09962e-01, -3.90209e-01, -3.95677e-01, -7.28544e-01, -6.37105e-01, -1.21839e+00, -1.32951e+00, -1.36799e+00, -1.30131e+00, -1.25516e+00, -1.16471e+00, -1.16743e+00, -1.43858e+00, -1.35050e+00, -7.18800e-01, -7.75397e-01, -8.48985e-01, -7.60671e-01, 2.68387e-01, 2.25902e-01, 3.88658e-01, 4.37111e-01, 5.67094e-01, 5.86505e-01, 6.12587e-01, 6.11424e-01, 7.13564e-02, 1.60894e-01, -3.54064e-01, 9.46914e-03, 4.83718e-01, 5.86810e-01, 8.74117e-01, 1.32490e+00, -5.40318e-01, -4.07957e-01, -1.05648e+00, -8.82820e-01, -3.15883e-01, 1.77264e-01, 4.89529e-01, 4.11365e-01, -1.30313e+00, -1.09959e+00, -9.35396e-01, -1.05331e+00, -1.18099e+00, -1.17450e+00, -1.18591e+00, -1.17442e+00, -1.20663e+00, -1.17951e+00, -1.10387e+00, 7.54782e-01, 7.89435e-01, 1.08731e+00, 1.57407e+00, 2.08895e+00, 2.26824e+00, 5.17942e-01, 6.83488e-01, -1.06908e-02, 5.86826e-02, 2.48201e-01, 1.00967e+00, 1.32306e+00, 1.31910e+00, 1.68369e+00, 1.67079e+00, 1.90724e+00, -2.41163e-01, -1.45611e-01, -4.39429e-01, -3.53020e-01, -4.56403e-01, -4.85809e-01, -4.52271e-01, -6.14842e-01, -6.35810e-01, -6.03359e-01, -6.99460e-01, -7.47979e-01, -6.82610e-01, -8.20104e-01, -7.68624e-01, -4.65586e-01, -4.26948e-01, -5.02903e-01, -4.18767e-01, -3.69430e-01, -6.84943e-01, -6.33249e-01, 9.51698e-01, 9.92614e-01, 1.21447e+00, 1.42058e+00, 2.32824e+00, 2.47672e+00, 2.43998e+00, 1.51291e+00, 1.80101e+00, 2.77823e+00, 2.80956e+00, 2.98557e+00, 7.16967e-01, 8.15464e-01, 9.96864e-02, 1.47113e-01, 3.22789e-01, 7.67344e-01, 9.92644e-01, 1.21611e+00, 9.87521e-01, 1.20341e+00, 1.28316e+00, 1.30366e+00, -1.30987e-01, -2.99241e-02, -2.98275e-01, 6.76643e-02, 2.75952e-01, 5.30588e-01, 5.37008e-01, -6.14095e-01, -5.50640e-01
		};
	const std::vector<std::vector<double> > J = {
		{7.76118e-01, 2.43893e-01, -3.19944e-01, -4.91657e-01, -3.22404e-01, 7.35668e-01, 3.20767e-01, 3.22481e-02, -4.87989e-02, 8.25532e-02, 1.36561e-01, -1.31204e-02, 1.15056e-01, 3.95961e-02, -6.12406e-01, -3.03160e-01, 6.39148e-01, 3.05176e-01, 9.10648e-02, -7.62753e-02, 4.70772e-02, 5.76843e-02, -5.14932e-01, -2.40519e-01, 6.17486e-01, 3.15904e-01, 1.56213e-02, -2.49432e-02, 1.11107e-01, 1.24243e-01, -6.58209e-01, -2.42896e-01, 5.89242e-01, 2.50777e-01, -3.47206e-02, -2.68359e-01, -4.31353e-01, -2.55124e-01, 8.24134e-01, 3.23774e-01, 7.46270e-02, 4.26134e-02, -2.13308e-02, 9.01987e-02, 3.16298e-02, -6.71241e-01, -2.93720e-01, 8.45213e-01, 3.94287e-01, 4.81505e-02, -6.57305e-02, 5.99451e-02, 1.92518e-01, 1.18753e-01, -7.35826e-01, -2.69971e-01, 5.18099e-01, 2.07602e-02, -4.13589e-01, -2.10605e-01, 6.53644e-01, 2.42082e-01, -2.04873e-02, -2.96805e-02, 1.36666e-01, 8.42483e-02, -3.33022e-02, -5.25982e-02, -5.23370e-01, -2.77287e-01, 5.47347e-01, 3.25282e-01, 2.17182e-01, -1.95895e-01, -2.77916e-02, -2.40562e-01, -4.76119e-01, -3.82861e-01, 6.34613e-01, 2.53734e-01, 1.77794e-01, 1.46919e-01, -2.40919e-01, -2.01192e-01, -5.49681e-01, -3.70961e-01, 7.95273e-01, 3.60667e-01, 6.18546e-02, 5.54186e-02, 9.38408e-02, 1.37259e-01, 2.51842e-01, -5.81570e-01, -2.68542e-01, 6.94850e-01, 2.62680e-01, 6.85371e-02, 1.05873e-01, -1.42649e-01, -1.47193e-01, -5.94140e-01, -3.38522e-01, 5.92532e-01, 1.99802e-01, -1.68659e-01, 2.88067e-03, 1.09800e-01, 1.40505e-01, -1.32337e-01, -1.01331e-01, -2.06276e-01, -4.55196e-01, -3.27207e-01, 5.58136e-01, 1.87027e-01, 3.60685e-01, -2.28146e-01, -1.50429e-01, -3.76746e-01, -2.00992e-01, 6.70409e-01, 2.95529e-01, -1.26387e-01, -1.72535e-02, -5.18355e-01, -2.50035e-01, 5.92407e-01, 3.69175e-01, -3.26474e-02, 3.98756e-02, -1.99068e-01, -5.28319e-01, -3.08573e-01, 5.60087e-01, 2.34634e-01, -9.29733e-02, -1.26545e-01, 3.94520e-01, 1.05716e-01, 1.57755e-02, -9.20944e-02, -4.17245e-02, -1.30970e-01, -2.25817e-01, -1.94184e-01, -4.48730e-01, -3.74569e-01, 6.10626e-01, 1.95959e-01, -1.57105e-01, -3.16528e-02, 2.72588e-02, -4.09202e-02, 7.11808e-02, 1.36876e-03, -5.57787e-02, -7.43332e-02, -4.24173e-01, -3.23880e-01, 5.52873e-01, 4.09541e-01, 4.95672e-02, -2.08999e-01, -2.86410e-01, -4.79221e-01, -3.74361e-01 }, 
		{2.43893e-01, -4.86675e-01, 1.11005e-01, 2.30398e-01, -3.02574e-01, 4.08950e-01, -2.35194e-01, -1.22053e-01, 2.79513e-02, 1.10650e-01, -7.16615e-02, -7.24344e-02, 1.38271e-01, 1.82865e-01, 4.45819e-01, -3.32023e-01, 2.90776e-01, -2.20991e-01, -4.78321e-02, -5.86095e-02, 2.21656e-02, 2.69489e-01, 3.62406e-01, -2.17917e-01, 2.84730e-01, -3.15505e-01, 2.11839e-02, 1.40978e-01, 1.23166e-01, 4.68691e-02, 4.45311e-01, -2.83250e-01, 2.35544e-01, -3.60757e-01, -1.34868e-01, 1.01544e-01, 1.66955e-01, -1.57924e-01, 3.97263e-01, -2.11608e-01, -1.12814e-01, 4.57745e-02, -5.93542e-02, 3.91561e-02, 2.34560e-01, 4.93552e-01, -3.60454e-01, 4.15650e-01, -2.62613e-01, -1.29826e-01, 1.34951e-01, 1.40865e-01, 1.24633e-01, 1.16159e-01, 6.04953e-01, -4.14441e-01, 5.74315e-02, -1.44852e-02, 1.30004e-01, -2.37299e-01, 3.10412e-01, -3.09740e-01, 7.17494e-02, -2.07042e-01, 3.17530e-02, 7.24979e-02, 3.02080e-02, 1.28790e-01, 3.73521e-01, -2.74695e-01, 3.04255e-01, -1.66051e-01, -5.78338e-01, 1.90739e-01, -1.57023e-01, 1.48349e-01, 2.00922e-01, -2.34021e-01, 3.07956e-01, -1.32690e-01, -1.13794e-01, -5.91853e-01, 1.69102e-01, 1.59238e-01, 2.27963e-01, -2.70502e-01, 4.32860e-01, -2.11857e-01, 1.69204e-02, 7.11942e-02, 4.87836e-02, 1.38363e-01, 1.56976e-01, 4.61594e-01, -2.90614e-01, 2.97770e-01, -2.36350e-01, -1.18101e-01, -4.98589e-02, -1.78847e-01, 1.07813e-01, 2.98036e-01, -3.01797e-01, 2.74133e-01, -2.73023e-01, -8.25097e-02, -1.85419e-01, 1.40256e-03, -7.67845e-03, -2.81920e-02, -3.44018e-02, -1.02230e-01, 2.33166e-01, -2.36058e-01, -9.36103e-02, 1.35698e-01, -1.34239e-01, -2.31326e-02, 1.79418e-02, 2.37338e-01, -9.20055e-02, 2.35542e-01, -3.28440e-01, 3.13696e-02, 7.43186e-02, 3.42040e-01, -2.33800e-01, 2.57856e-01, -3.26344e-01, -3.27059e-01, 1.55301e-01, 1.61303e-01, 3.78628e-01, -2.74133e-01, 3.04559e-01, -2.70150e-01, -6.41421e-02, -2.06359e-01, -1.28150e-01, -5.53211e-02, 9.77588e-02, 1.14015e-01, 7.51201e-02, -9.14123e-02, -6.61758e-02, -9.08943e-02, 2.04471e-01, -2.30102e-01, 2.43352e-01, -2.62626e-01, -3.57513e-02, -3.27366e-01, 9.67129e-02, 9.00458e-02, 7.57937e-02, 8.09512e-02, -1.54470e-01, -5.32673e-02, 2.41175e-01, -2.35220e-01, 2.85509e-01, -3.04124e-01, -6.78394e-01, 1.56255e-01, 2.17732e-01, 2.25876e-01, -2.31827e-01 }, 
		{-3.19944e-01, 1.11005e-01, 3.52308e-01, -2.36300e-01, -1.99416e-01, -9.60303e-02, 1.44306e-01, 2.40855e-01, 1.69475e-01, 1.26435e-02, 5.23968e-03, 1.01954e-01, 6.62244e-02, 1.04896e-01, -3.16469e-02, -4.06884e-02, -1.05352e-01, 1.25252e-01, 1.24648e-01, 2.21855e-01, 7.66740e-02, 7.21240e-02, 6.41735e-03, 7.12653e-03, -9.60186e-02, 2.07111e-01, 1.96001e-01, 2.06953e-01, 3.48063e-03, 6.54996e-02, 3.19901e-02, -7.96864e-02, -2.12964e-01, -1.05727e-01, 5.71298e-02, 2.00410e-01, -1.20303e-01, -2.29117e-02, -1.17582e-01, 1.56673e-01, 2.02572e-01, 9.11030e-02, 1.53063e-01, 3.65697e-02, 3.11146e-02, 2.38366e-02, -9.30280e-02, -1.01337e-01, 1.73722e-01, 2.83818e-01, 2.31717e-01, 1.39439e-01, -4.55313e-03, 5.27547e-02, -2.11568e-03, -6.09089e-02, -6.70190e-02, 1.78515e-01, 4.77814e-02, -5.32513e-02, -1.33883e-01, 1.06829e-01, 1.01350e-01, 1.32026e-01, -2.55326e-02, 1.09297e-02, 7.62472e-02, 3.22805e-02, -5.98284e-02, 1.69573e-02, -4.87169e-02, -2.64747e-01, -1.40364e-01, -7.04383e-03, -6.35557e-02, 4.85738e-02, -6.03571e-02, 1.11898e-03, -4.41349e-02, -1.33908e-01, -3.28594e-01, 1.85665e-02, -3.11643e-02, -5.08486e-02, 3.40024e-02, -7.98213e-03, -8.73952e-02, 1.82247e-01, 2.61296e-01, 2.70548e-01, 1.83386e-01, 1.39890e-01, 9.93932e-02, 2.01515e-02, -6.09503e-03, -7.94866e-02, -8.46213e-04, -1.09025e-01, -1.37064e-01, 3.17721e-02, -2.23646e-02, -3.80469e-03, -4.52162e-02, -1.13557e-01, 2.96163e-02, 1.60356e-01, -2.34542e-01, -2.30380e-01, -2.34864e-01, -1.55423e-03, -3.41434e-02, 6.30103e-02, -1.23360e-02, 6.69672e-03, -9.91951e-02, -9.31908e-02, -2.72853e-02, 1.74478e-01, 1.98409e-01, 6.86640e-03, -6.09190e-02, -1.43470e-01, 1.31536e-01, 2.12037e-01, 1.24392e-01, -5.63661e-02, -5.07690e-02, -1.29342e-01, -5.37799e-02, 1.53252e-01, -3.03780e-02, 1.81459e-01, -6.19667e-02, -1.47781e-02, -8.47450e-02, 1.44093e-02, 1.68086e-01, 1.07796e-01, -3.89926e-01, -2.75809e-01, -2.16794e-01, 5.85324e-02, -2.95351e-03, -6.87071e-02, 5.23454e-02, 1.38655e-01, -3.60493e-02, -5.16195e-02, -1.19181e-01, 4.47960e-02, 9.35961e-02, 1.64278e-03, -1.40983e-01, -3.17136e-02, -1.27043e-01, -7.51058e-02, 4.87499e-02, -5.01597e-02, -4.49592e-02, -1.07783e-02, -1.78473e-01, -3.40575e-01, 8.24819e-02, -1.52245e-02, 8.83306e-02, -1.22024e-01, -2.01660e-02 }, 
		{-4.91657e-01, 2.30398e-01, -2.36300e-01, -5.55657e-02, 4.68033e-01, -6.09414e-01, 4.10806e-01, 3.38742e-02, 2.30793e-02, -8.10124e-02, 2.60680e-02, 9.42330e-02, -9.44214e-02, -6.62267e-02, -4.30355e-02, 5.65396e-01, -4.27907e-01, 3.26684e-01, -3.64209e-02, 4.56177e-02, 6.80883e-02, -9.24402e-02, 6.29816e-02, 4.37752e-01, -4.27443e-01, 2.53333e-01, 2.88675e-02, -4.71781e-02, 1.75829e-01, 1.53633e-01, 8.53273e-02, 5.53210e-01, -3.96569e-01, 2.74586e-01, -1.11533e-01, -1.49708e-01, -4.45780e-03, 3.49905e-01, -5.66336e-01, 3.82605e-01, 1.09301e-01, -3.90412e-02, -3.63303e-02, 4.66129e-02, -3.17273e-02, 1.08677e-02, 6.10344e-01, -5.64677e-01, 4.55190e-01, 1.03727e-01, 3.66966e-02, -6.28296e-02, 1.91459e-01, 1.57212e-01, 1.04746e-02, 6.40303e-01, -3.68557e-01, 3.03475e-02, -2.10438e-02, 3.21853e-01, -4.70522e-01, 3.49482e-01, 8.96821e-02, -8.15389e-02, -7.61321e-02, -3.94377e-02, 1.24683e-02, 3.86109e-02, -3.93205e-02, 4.79993e-01, -4.86105e-01, 3.45709e-01, 4.10041e-03, -1.59270e-01, -5.25005e-02, -1.72956e-01, -1.25211e-01, 5.52155e-01, -5.60485e-01, 3.84591e-01, 7.17662e-02, -4.79645e-02, -1.31253e-01, -1.77849e-01, -1.28531e-01, 5.18932e-01, -5.70645e-01, 4.55270e-01, 1.05499e-01, 8.63772e-03, -1.76909e-02, 1.03085e-01, 5.53567e-02, 3.89509e-03, 5.79405e-01, -5.37850e-01, 3.15617e-01, 5.51095e-02, -7.80192e-02, -5.28124e-02, -1.56539e-01, -8.09533e-02, 5.42767e-01, -4.54987e-01, 2.97755e-01, -5.67672e-02, -3.87825e-02, -4.42707e-02, -5.65220e-02, -6.75364e-02, -8.39111e-02, -1.22187e-01, -1.03466e-01, 5.10239e-01, -2.05964e-01, 9.59848e-02, -3.88698e-02, -3.51513e-02, -6.55807e-02, 1.71593e-01, 2.99638e-01, -4.45331e-01, 2.43464e-01, 5.52119e-03, -5.62193e-02, 7.92725e-03, 4.93511e-01, -4.26306e-01, 3.32378e-01, -2.94325e-02, -2.75586e-02, -1.43049e-01, -4.87390e-02, 5.07889e-01, -4.48789e-01, 2.72891e-01, -4.98145e-03, -1.19540e-01, -7.20395e-02, 3.45398e-02, 5.93558e-02, 1.32406e-02, -8.10247e-02, -1.94947e-02, -6.51963e-02, -2.04494e-01, -8.78842e-02, 5.16778e-01, -4.46658e-01, 2.91478e-01, -3.31076e-02, -3.60729e-02, -3.24520e-02, -5.41265e-02, -6.77360e-02, -4.92093e-02, -2.49773e-02, -3.32907e-03, -1.10032e-01, 5.07406e-01, -4.22716e-01, 3.07439e-01, -8.73025e-02, -1.75454e-01, -1.71526e-01, -1.27180e-01, 5.31051e-01 }, 
		{-3.22404e-01, -3.02574e-01, -1.99416e-01, 4.68033e-01, 1.83358e-01, -2.66121e-01, -4.77035e-01, -7.47715e-04, 5.76284e-03, 5.23442e-02, 8.71013e-02, 5.76488e-02, -7.67333e-02, -9.73765e-02, 5.12132e-01, 3.05572e-01, -1.66409e-01, -2.95911e-01, 8.27845e-02, 1.04937e-01, 2.80858e-02, -8.75782e-02, 3.84010e-01, 2.31034e-01, -1.36577e-01, -1.60140e-01, 8.43957e-02, 1.59554e-01, 2.56945e-02, 3.43688e-02, 4.24092e-01, 2.87879e-01, -2.34869e-01, -1.69012e-01, 3.11773e-02, -1.81942e-01, 4.33768e-01, 8.49295e-02, -2.75328e-01, -3.93595e-01, -3.75099e-02, 6.23069e-02, 1.89458e-01, -5.92786e-03, -7.85446e-02, 5.13271e-01, 3.88694e-01, -2.35414e-01, -3.93486e-01, 8.75314e-02, 7.36446e-02, 2.66595e-01, 7.10959e-02, 1.04232e-01, 5.42984e-01, 4.26942e-01, -1.99281e-01, -2.90432e-01, 2.62719e-01, 1.43074e-01, -2.02188e-01, -2.57509e-01, -1.56713e-01, 2.94123e-01, 4.62804e-03, -6.85056e-02, -5.02062e-04, -7.00412e-02, 4.64852e-01, 1.97487e-01, -2.78048e-01, -3.29414e-01, 3.00119e-01, -1.36289e-01, -4.38765e-02, -2.20206e-01, 5.49083e-01, 8.64788e-02, -2.72293e-01, -4.05585e-01, 4.57697e-04, 1.46019e-01, -1.72258e-01, -1.17261e-01, 5.74206e-01, 2.07240e-01, -2.18178e-01, -4.15798e-01, -5.56898e-02, 2.69638e-02, 2.08476e-01, 5.93738e-02, 1.01850e-01, 5.47495e-01, 3.46211e-01, -2.90177e-01, -3.26499e-01, 9.47849e-04, -7.17588e-02, 2.66699e-02, -1.21701e-01, 5.41401e-01, 2.32722e-01, -2.43829e-01, -2.57529e-01, 4.44314e-02, 2.17296e-01, -1.42632e-01, -1.55879e-01, -1.37100e-01, -1.24000e-01, -4.26861e-02, 4.83101e-01, 1.41348e-01, -4.29620e-02, -2.60184e-01, -5.49972e-02, 2.07419e-01, 5.65979e-02, 8.30836e-02, 1.31085e-01, -1.74019e-01, -2.14746e-01, -1.64471e-02, -1.00938e-02, 4.36294e-01, 1.78957e-01, -2.16181e-01, -2.70331e-01, 2.49781e-01, -1.30350e-01, -6.92093e-02, 4.11646e-01, 1.76152e-01, -2.85872e-01, -2.38607e-01, -5.52420e-02, 2.89946e-01, -1.30526e-02, -6.22875e-02, -2.32072e-01, -1.66205e-01, -7.63910e-02, -1.33021e-02, -3.89326e-02, -2.96562e-02, 5.02145e-01, 2.07039e-01, -2.45637e-01, -2.96022e-01, 4.00124e-02, 2.75291e-01, -1.18203e-01, -1.40540e-01, -1.32757e-01, -1.37813e-01, 3.03031e-02, 4.46575e-02, 4.67372e-01, 1.39099e-01, -3.29080e-01, -2.63377e-01, 3.47901e-01, -1.66744e-01, -2.53914e-01, 4.92971e-01, 3.06402e-02 }, 
		{7.35668e-01, 4.08950e-01, -9.60303e-02, -6.09414e-01, -2.66121e-01, 6.78579e-01, 3.75901e-01, 9.60583e-02, 3.37773e-02, 1.57095e-01, 1.22934e-01, 1.12357e-02, 1.26732e-01, 9.92768e-02, -6.77998e-01, -3.12585e-01, 5.47846e-01, 3.37377e-01, 1.53461e-01, -4.99636e-02, 3.29200e-02, 9.84350e-02, -4.47214e-01, -2.39034e-01, 3.93927e-01, 2.60006e-01, 4.46125e-02, 4.46665e-02, 9.23454e-02, 6.44772e-02, -5.52828e-01, -2.98706e-01, 5.87083e-01, 3.18095e-01, -4.25812e-02, -1.96464e-01, -5.70372e-01, -2.44690e-01, 6.18969e-01, 3.40483e-01, 1.17247e-01, 9.91013e-02, 2.85102e-02, 7.17537e-02, 9.32227e-02, -6.61477e-01, -2.77827e-01, 4.65229e-01, 2.88657e-01, 1.63487e-02, -2.46058e-02, 4.61554e-02, 1.71262e-01, 9.98113e-02, -6.24167e-01, -3.21227e-01, 5.69841e-01, 2.08087e-01, -4.15600e-01, -1.91900e-01, 6.28470e-01, 2.94403e-01, 6.73071e-03, -5.35749e-02, 1.48505e-01, 1.24776e-01, 4.18147e-02, -1.05182e-02, -5.40181e-01, -3.08361e-01, 6.13163e-01, 2.67957e-01, 1.09267e-01, 2.63645e-02, 4.16993e-02, -9.37489e-02, -6.34635e-01, -3.33970e-01, 6.54146e-01, 2.72743e-01, 1.01782e-01, 2.61143e-01, -1.14065e-01, -8.69427e-02, -6.92563e-01, -3.57981e-01, 6.82276e-01, 4.69033e-01, 1.61086e-01, 1.28953e-01, 1.84966e-01, 1.90380e-01, 2.95531e-01, -5.74204e-01, -2.15205e-01, 6.85484e-01, 2.85779e-01, 1.15323e-01, 1.44674e-01, -7.38372e-02, -1.46622e-02, -6.49841e-01, -3.40983e-01, 5.89465e-01, 2.73071e-01, -8.91082e-02, 1.98182e-02, 1.33510e-01, 1.76056e-01, -8.80873e-02, -5.30648e-02, -1.38227e-01, -6.18476e-01, -3.52513e-01, 4.76370e-01, 1.62049e-01, 4.08052e-01, -1.14174e-01, -1.44746e-02, -3.79645e-01, -1.41054e-01, 5.86639e-01, 3.66006e-01, -1.74951e-02, -1.09662e-02, -4.70360e-01, -2.55572e-01, 5.42400e-01, 3.61006e-01, 3.49752e-02, -5.42304e-03, -5.61240e-02, -4.84555e-01, -3.10122e-01, 5.00073e-01, 2.74765e-01, -4.51994e-02, -5.67423e-02, 2.41818e-01, 3.83691e-02, -8.27309e-03, -2.78273e-02, 3.16749e-02, -1.39736e-01, -1.69726e-01, -1.20461e-01, -5.69389e-01, -4.18352e-01, 5.32650e-01, 2.45146e-01, -7.03733e-02, -7.47131e-02, 2.45296e-02, 1.72458e-02, 9.96901e-02, 3.22607e-02, -1.39297e-02, -7.17333e-02, -5.53071e-01, -3.60003e-01, 5.98743e-01, 3.24532e-01, 4.03988e-02, -2.25245e-02, -1.65192e-01, -5.86386e-01, -3.65034e-01 }, 
		{3.20767e-01, -2.35194e-01, 1.44306e-01, 4.10806e-01, -4.77035e-01, 3.75901e-01, -6.98863e-02, -8.21082e-02, 5.91941e-02, 1.66174e-01, 4.74159e-02, -6.72290e-02, 1.75017e-01, 1.54018e-01, 4.99794e-01, -5.55868e-01, 2.77096e-01, -5.76351e-02, 2.87705e-02, 1.09789e-02, -4.04930e-02, 2.15873e-01, 2.49846e-01, -2.92567e-01, 1.75735e-01, -1.02497e-01, 3.60837e-02, 1.01852e-01, 1.23054e-03, -4.39599e-02, 2.28040e-01, -3.65615e-01, 2.89359e-01, -3.39738e-01, 1.54625e-02, 5.95979e-02, 2.68068e-01, -3.83602e-01, 3.39665e-01, -6.80754e-02, -6.15041e-02, 8.02237e-02, 1.13481e-02, -5.01805e-02, 2.81899e-01, 4.15877e-01, -5.05573e-01, 2.44274e-01, -7.20050e-02, -8.05806e-02, 1.10583e-01, 7.81066e-02, -2.55525e-02, -1.57067e-02, 3.52788e-01, -5.68111e-01, 1.58515e-01, 1.46658e-03, 2.51806e-01, -3.20564e-01, 2.45749e-01, -1.26701e-01, 6.08020e-03, -1.71401e-02, 4.66557e-02, 1.24867e-01, 5.01969e-03, 1.54028e-01, 3.05818e-01, -4.10544e-01, 3.40143e-01, -2.67025e-01, -3.18141e-01, 1.65566e-01, 3.38341e-02, 2.21213e-01, 3.45777e-01, -4.60228e-01, 3.92437e-01, -2.25899e-01, -1.59096e-01, -2.22241e-01, 2.08401e-01, 2.26717e-01, 3.72798e-01, -4.76910e-01, 4.29710e-01, -5.33274e-02, 6.61670e-02, 1.69860e-01, 1.26234e-01, 1.69928e-01, 2.88462e-01, 5.03434e-01, -4.43701e-01, 3.46105e-01, -1.97996e-01, -7.64902e-02, 9.27645e-02, -4.76100e-02, 1.58845e-01, 4.11694e-01, -5.08941e-01, 2.97148e-01, -2.90130e-01, -6.05839e-02, -1.42010e-01, 5.05221e-02, 8.91186e-02, 6.34230e-02, 2.64328e-02, -2.47774e-02, 3.65412e-01, -4.80881e-01, -8.37285e-03, 1.83372e-01, 5.96412e-03, 1.28218e-02, 4.48305e-02, 3.04010e-01, -2.44081e-01, 2.50515e-01, -1.31356e-01, 5.81892e-02, 4.48742e-02, 3.03541e-01, -3.61844e-01, 2.68540e-01, -9.25287e-02, -1.82485e-01, 1.19233e-01, 1.16382e-01, 3.16229e-01, -4.33842e-01, 2.20208e-01, -1.77665e-01, -5.53502e-02, -1.70689e-01, -1.19041e-01, -1.18964e-01, 4.08824e-02, 1.97470e-01, 9.94471e-02, -8.94451e-02, 1.51632e-03, -6.79190e-02, 2.81995e-01, -5.10417e-01, 2.86865e-01, -2.41305e-01, -1.00003e-01, -1.49740e-01, 7.35599e-02, 8.77918e-02, 8.20394e-02, 7.92554e-02, -4.83476e-02, -1.16711e-01, 2.79100e-01, -4.77689e-01, 2.59892e-01, -3.54604e-01, -3.46268e-01, 2.19164e-01, 2.36261e-01, 3.22532e-01, -4.42822e-01 }, 
		{3.22481e-02, -1.22053e-01, 2.40855e-01, 3.38742e-02, -7.47715e-04, 9.60583e-02, -8.21082e-02, 2.11445e-01, 1.31777e-01, 1.88438e-03, 8.09996e-02, 4.39940e-02, 1.13424e-01, 5.91919e-02, 7.53172e-02, 7.59112e-02, 7.25779e-02, -6.47369e-02, 1.23541e-02, 6.91347e-02, 1.06639e-01, 3.79828e-02, 7.81752e-02, 8.91066e-02, 1.79583e-02, -9.71184e-02, 7.01072e-02, -1.68644e-01, 2.22827e-02, 3.48180e-02, -5.53899e-02, 1.04649e-01, -7.91477e-02, -1.78992e-01, 3.62127e-02, 1.27019e-01, 4.58189e-02, 6.08204e-02, 9.21421e-02, -7.40077e-02, 9.71661e-02, 5.19251e-02, 1.03643e-02, 6.24618e-02, 3.62245e-02, 1.21382e-01, 3.78585e-02, 4.52489e-02, -1.41748e-01, 6.20301e-02, 4.56682e-02, -1.80721e-01, 5.81665e-03, 1.12428e-02, 3.05341e-03, 8.92906e-02, -3.19469e-02, -3.99539e-02, 6.74258e-02, 1.07376e-01, 4.62058e-02, -5.12865e-02, 2.83737e-02, 3.28358e-02, 3.36508e-02, 6.48187e-02, 2.22444e-02, 4.50179e-02, 2.88090e-02, 9.07928e-02, -5.24460e-02, -1.68577e-01, 1.10826e-01, 2.34392e-03, 6.49758e-02, 3.99349e-02, 2.43889e-02, 8.82667e-02, 1.14426e-02, -1.43432e-01, 6.69445e-02, 2.32704e-02, -4.46765e-02, 1.68252e-02, 6.32954e-02, 5.62942e-02, 1.32324e-01, -4.18037e-02, 2.01998e-01, 2.02578e-01, 2.06383e-01, 2.17107e-01, 2.12978e-01, 1.36122e-01, 1.25873e-01, 6.83638e-02, -1.37870e-01, 7.93419e-02, 6.09729e-03, 1.29594e-03, 1.30408e-02, 3.48464e-02, 6.08303e-02, -6.03054e-03, -1.06999e-01, 9.86627e-02, -4.70522e-02, -9.21520e-02, -9.73511e-02, -7.45875e-03, -7.50367e-03, 3.47321e-02, 1.71378e-02, 1.19006e-01, 1.16789e-01, -2.31295e-03, -1.06635e-01, 1.27348e-01, 5.69011e-02, -1.53783e-02, 7.84342e-02, 3.73380e-02, -1.07559e-01, 8.69775e-02, 9.59695e-02, 2.69413e-02, 6.71672e-02, -3.48614e-03, -1.52740e-01, 4.91549e-02, 1.22260e-01, 3.22523e-02, 1.46932e-02, 1.29516e-01, 4.26605e-02, -1.51238e-01, 4.62948e-02, 7.73590e-02, -1.63675e-01, -8.91026e-02, -1.73954e-01, -3.56038e-02, -5.59134e-02, -6.52556e-02, -7.24813e-02, -3.45600e-03, -1.24210e-01, 1.73892e-01, -1.52460e-02, -1.17389e-01, 1.68380e-02, 8.71126e-03, -3.76474e-02, -8.94572e-02, -8.23007e-02, -4.41873e-02, -2.79152e-02, -2.95789e-03, -6.12971e-02, 2.22226e-01, -1.21850e-01, -2.63437e-01, 1.72547e-01, -1.64240e-02, 1.61752e-01, -6.40579e-04, 1.23490e-01 }, 
		{-4.87989e-02, 2.79513e-02, 1.69475e-01, 2.30793e-02, 5.76284e-03, 3.37773e-02, 5.91941e-02, 1.31777e-01, 1.49656e-01, -1.05535e-02, 5.25702e-02, 1.70536e-01, 4.25655e-02, 3.74404e-02, 9.24393e-02, 3.54152e-02, 2.39004e-02, 2.90988e-02, -1.39949e-02, 1.44162e-01, 1.23120e-02, -8.44977e-03, 9.07490e-02, 3.22555e-02, -2.40317e-03, 1.06364e-02, -1.85187e-01, 2.05500e-01, -2.23815e-01, -2.18709e-01, 8.34415e-02, 1.23933e-03, -1.44845e-01, -3.98495e-02, -4.89150e-02, 1.52319e-01, 5.88204e-02, 9.62388e-02, -7.94374e-04, 5.88191e-02, 7.58994e-02, 1.91928e-02, 1.27877e-01, 2.35834e-02, -6.25862e-02, 5.44177e-02, 3.50781e-02, -4.67682e-02, 1.64908e-02, 9.82987e-02, -1.46369e-01, 1.79363e-01, -2.49246e-01, -1.98768e-01, 2.08688e-03, 2.41466e-02, -1.51610e-02, -2.59301e-02, 9.46743e-02, 1.95487e-02, -1.02013e-02, -8.25674e-03, 1.97745e-02, 2.82556e-02, 1.09974e-02, -8.70506e-03, 1.02877e-01, 1.82300e-02, 9.91137e-02, 3.67822e-02, -3.51163e-02, 1.70176e-02, -5.37490e-02, 9.78579e-02, -2.82664e-02, 4.34100e-02, 3.23975e-02, 9.98792e-02, -2.97501e-02, 6.47391e-02, -1.77223e-02, -1.16430e-01, 1.82161e-02, 2.18940e-02, 9.63480e-02, 2.15196e-02, 6.60343e-02, 9.05997e-02, 1.34397e-01, 2.10728e-01, 2.23339e-01, 2.66890e-01, 1.96301e-01, 1.11217e-01, 9.13656e-02, -3.69669e-02, 5.99816e-02, -1.97689e-02, -5.93088e-02, 6.89136e-02, -6.92160e-02, 1.20684e-01, 5.12853e-02, -5.87560e-02, -1.60098e-02, 2.12375e-03, -6.38695e-02, -6.28783e-02, -7.89114e-02, -2.95555e-02, 8.72649e-04, 8.25636e-03, 1.33705e-01, 7.04717e-02, 2.02169e-03, 8.39362e-03, -7.23278e-03, 5.11348e-02, 4.56306e-02, 8.95831e-02, -1.40430e-02, -1.09074e-02, -7.65071e-02, 9.18949e-02, 1.03793e-01, 6.14829e-02, 1.28248e-03, -2.69035e-02, -5.01951e-02, 1.44035e-02, 4.95878e-02, 8.05777e-02, 2.65328e-02, 5.07476e-02, 3.03286e-02, -1.03904e-01, -1.19311e-01, -8.20409e-02, -4.14070e-02, -5.06640e-02, -1.07102e-01, 2.03035e-02, -1.01187e-01, -4.97834e-02, -1.74260e-01, -2.21679e-02, 3.62637e-02, 1.29615e-01, -6.55377e-02, -2.34109e-02, -2.26760e-02, -5.33168e-02, -6.50134e-02, -3.23960e-02, -6.42298e-02, -9.17621e-02, -1.84954e-02, -3.40898e-02, 1.57140e-01, 3.89934e-02, -1.06229e-01, 9.97753e-03, -6.42994e-02, 7.53200e-02, 1.19213e-01, -7.56694e-03, 1.00886e-01 }, 
		{8.25532e-02, 1.10650e-01, 1.26435e-02, -8.10124e-02, 5.23442e-02, 1.57095e-01, 1.66174e-01, 1.88438e-03, -1.05535e-02, 7.63311e-02, 4.60728e-02, 1.15373e-01, 1.02014e-01, 6.99537e-02, 3.11013e-02, 3.57321e-02, 6.51619e-02, 7.11912e-02, 5.17049e-02, -3.17286e-02, -6.59211e-02, 1.18841e-01, 5.59862e-03, -1.89956e-02, 4.87350e-02, 1.03424e-01, 1.01628e-01, -4.23192e-01, -2.48858e-01, -1.48717e-01, 4.45682e-02, -9.43154e-02, 1.26648e-01, 3.58963e-02, 3.11284e-03, 1.46190e-02, -7.92016e-02, 1.27690e-02, 7.16975e-02, 9.84032e-02, -3.73334e-02, 5.56679e-02, -1.21142e-02, -6.31093e-02, 7.72288e-02, 3.66639e-02, 9.42788e-03, 8.38748e-02, 7.53569e-02, 1.67362e-03, 1.15039e-01, -3.70845e-01, -2.17855e-01, -2.17780e-01, 4.71229e-02, -1.41312e-02, 4.86048e-02, 8.65801e-02, -8.90083e-02, -7.21302e-02, 7.71657e-02, 5.25772e-02, 3.40047e-02, -2.00205e-02, 8.02091e-03, 4.75464e-02, 4.13923e-02, 2.73866e-02, -3.62235e-02, 1.62479e-03, 2.11529e-01, 1.69677e-01, -1.40906e-01, 7.50800e-02, -1.17659e-01, 4.74890e-02, 6.38598e-02, 1.32746e-02, 1.85204e-01, 1.64079e-01, -5.69695e-02, -2.04673e-01, 5.17018e-02, 2.24697e-02, -1.39145e-02, -6.75350e-03, 1.69321e-01, 1.40556e-01, 9.19119e-02, 1.35803e-01, 1.73921e-01, 2.24574e-01, 2.69684e-01, 7.76029e-02, 1.69055e-02, 1.37103e-01, 1.27615e-01, -8.94410e-02, -6.69813e-02, -1.57690e-02, 6.42577e-03, 4.78117e-03, 3.70530e-02, 1.43126e-01, 5.88601e-02, -4.90243e-02, -3.88365e-02, -5.11578e-02, -1.72726e-02, -1.33383e-02, -3.78008e-02, -6.38665e-02, -3.32775e-02, 1.79418e-02, 7.05045e-02, -6.27321e-02, 1.11261e-01, -6.13819e-02, 2.23719e-02, -3.86260e-02, -3.31265e-02, 1.99231e-02, 1.75475e-01, -4.37114e-03, -2.36192e-02, -9.50045e-02, -1.52581e-02, 7.31666e-02, 8.94146e-02, -5.24808e-02, -2.61235e-02, -8.20165e-04, -7.10177e-03, 1.31926e-02, 8.32309e-02, -7.20028e-02, -1.03047e-01, -1.34032e-01, -1.61550e-02, 1.06492e-02, -1.13239e-01, -7.28761e-02, -2.29401e-02, -1.04678e-01, -1.07751e-01, -1.01500e-01, 7.90271e-02, -3.67861e-02, 1.11383e-01, 5.36026e-02, -1.13355e-02, -1.46048e-01, -5.51143e-02, -3.31438e-02, -9.78983e-02, -1.09452e-02, -4.67033e-02, -7.42137e-02, 5.68340e-02, 1.75177e-02, 2.17018e-01, 1.33595e-01, -1.55161e-01, 2.45536e-02, -4.84204e-03, 6.13225e-02, -1.09579e-02 }, 
		{1.36561e-01, -7.16615e-02, 5.23968e-03, 2.60680e-02, 8.71013e-02, 1.22934e-01, 4.74159e-02, 8.09996e-02, 5.25702e-02, 4.60728e-02, 9.18380e-02, -6.96391e-03, 6.59187e-02, 8.20862e-02, 4.34368e-03, 1.05708e-01, 5.18464e-02, -1.03058e-02, -9.46402e-03, -6.33273e-02, 8.08327e-02, 4.64076e-02, -2.64652e-02, 9.74552e-02, -1.01835e-01, -4.25842e-02, -1.73882e-01, -2.34822e-01, -1.06075e-01, -1.60165e-01, -8.76880e-02, 6.78801e-02, 9.69742e-02, -2.63456e-02, -1.89548e-02, 3.80850e-02, 2.25162e-02, 4.98793e-02, 1.26523e-01, 3.43781e-02, 2.00409e-02, -5.28365e-03, -6.95013e-02, 2.90963e-02, -9.32887e-03, -1.64236e-02, 1.14526e-01, 1.14053e-01, -7.83130e-02, 3.25958e-02, -2.05672e-01, -2.71685e-01, -1.51637e-01, -1.75324e-01, 4.75801e-02, 5.20335e-02, 9.30971e-03, -4.90234e-02, -7.88602e-02, 5.29158e-02, 1.13077e-01, -5.92491e-02, 1.11255e-02, 6.70690e-02, -4.80742e-03, 3.92394e-02, -4.09080e-02, -3.17446e-03, 2.46103e-02, 5.51922e-02, 1.69335e-01, 3.68550e-02, 4.49896e-03, 1.57786e-02, 1.33700e-02, -3.98604e-02, 6.28244e-02, 1.08501e-01, 1.67195e-01, -5.47443e-03, 2.65689e-02, -8.16805e-02, 3.48466e-03, -2.36985e-02, -1.69563e-02, 8.77309e-02, 1.06664e-01, 1.19082e-01, 1.87620e-01, 1.63766e-01, 1.76079e-01, 1.61435e-01, 1.68171e-01, -2.01285e-02, 1.27234e-01, 1.72535e-01, -8.06931e-03, 4.54665e-03, 2.82554e-02, -9.81165e-02, 5.11274e-03, 1.29501e-02, 6.56971e-02, 1.42484e-01, -4.76356e-02, -1.13658e-03, -2.78251e-02, 8.52276e-03, 1.62705e-02, -7.18552e-02, -6.55186e-02, -7.43501e-02, 9.80149e-04, 8.28621e-02, -1.29603e-01, 1.42945e-01, -1.08271e-01, 8.04659e-02, -6.51217e-02, -8.21569e-02, 4.43791e-02, 1.09326e-01, -1.02510e-01, -4.52423e-02, 4.35328e-02, 2.24977e-02, 6.52397e-02, 1.04281e-01, -4.33598e-02, -7.65872e-02, 4.20020e-02, -8.26733e-03, 8.66918e-02, 4.80847e-02, 1.45660e-01, -3.80598e-02, -5.12604e-02, -8.47752e-02, -4.02357e-02, -8.95224e-02, -5.48287e-02, -8.19306e-02, -3.56922e-02, -4.62624e-02, -1.26807e-01, -1.47592e-01, -3.53581e-02, 8.68479e-02, 1.70228e-01, -3.00205e-02, 4.85995e-02, -2.66551e-02, -4.41036e-02, -9.81647e-02, -6.30748e-03, -8.73709e-02, -1.11186e-01, -7.88693e-02, 9.76777e-03, 9.97921e-02, 1.83509e-01, 3.81435e-02, -4.15106e-02, 8.76723e-03, -7.55154e-03, 1.03870e-01, 6.03703e-02 }, 
		{-1.31204e-02, -7.24344e-02, 1.01954e-01, 9.42330e-02, 5.76488e-02, 1.12357e-02, -6.72290e-02, 4.39940e-02, 1.70536e-01, 1.15373e-01, -6.96391e-03, -4.29555e-02, 5.97364e-02, 7.36190e-02, 1.54824e-01, 1.26268e-01, -1.52963e-02, -1.91806e-01, -3.10149e-02, 1.02598e-01, 4.75219e-02, 1.87784e-03, 5.99578e-02, 1.32434e-01, 1.06757e-02, -7.08783e-01, -3.99497e-01, 6.69624e-02, -6.45719e-02, -1.23540e-01, 1.98011e-01, 1.43426e-01, 2.41923e-02, -1.31592e-01, 1.08834e-02, 9.00717e-02, 1.34632e-01, 1.07832e-01, 9.30025e-02, -9.73247e-02, -2.16764e-02, -2.51148e-02, 1.47723e-02, 1.40806e-02, -5.04753e-02, 1.57954e-01, 1.04722e-01, 1.14502e-01, 1.89925e-01, -5.95113e-01, -3.77367e-01, -2.49557e-02, -1.01189e-01, -9.88844e-02, 2.08265e-01, 3.89412e-02, -6.04753e-02, -1.19861e-01, 1.02376e-01, 1.77735e-02, -1.14563e-02, -1.37986e-01, 9.98102e-02, -3.79195e-02, 3.88992e-02, 1.98622e-02, 3.58276e-03, -2.55890e-02, 8.65664e-02, 1.48388e-01, 1.07428e-01, -1.10493e-01, -5.24434e-02, 3.61232e-02, 9.27359e-02, 2.94300e-02, 2.18372e-01, 1.44679e-01, 7.24382e-02, -1.45134e-01, -6.79615e-02, 1.00733e-01, 2.51503e-02, -2.65509e-02, 1.52044e-01, 9.47307e-02, 3.17016e-02, -6.68027e-02, 1.56523e-01, 2.98605e-01, 1.71238e-01, 1.53649e-01, 1.21708e-01, 1.40209e-01, 1.67147e-01, 3.80028e-02, -7.02639e-02, 2.02535e-03, 2.25463e-02, -1.42830e-02, 2.05753e-02, 1.27451e-01, 1.34379e-01, -1.22882e-02, -1.00070e-01, -1.63780e-02, 5.81927e-03, 1.07573e-02, 1.13718e-02, -1.48506e-02, -1.99115e-02, -8.62652e-02, 9.97442e-02, 1.57092e-01, -2.44263e-01, 6.58522e-02, -1.89988e-01, -4.87035e-02, 1.81240e-01, 8.64832e-02, -2.13630e-02, -8.60085e-02, -1.55441e-01, 1.38213e-02, 9.24326e-02, 1.04952e-01, 9.70777e-02, -6.95146e-02, -1.55083e-01, -9.19708e-03, 6.63926e-02, 5.08204e-02, 1.32603e-01, 1.64340e-01, -8.87016e-03, -1.05139e-01, -4.91335e-02, -1.01115e-02, -7.56817e-02, -1.47516e-01, -2.77167e-02, 6.21560e-03, -5.85795e-02, -5.94700e-02, -3.33202e-02, -1.37774e-01, 1.35198e-01, 9.29109e-02, 4.70458e-02, -1.24194e-01, -5.44965e-02, 1.76609e-01, 3.03672e-03, -1.12316e-01, 5.57864e-02, -1.28396e-01, -1.73819e-01, -7.74326e-02, 1.56555e-01, 1.29565e-01, 5.67549e-02, -7.55658e-02, -3.14263e-02, 4.69733e-02, 8.71418e-02, 1.61907e-01, 1.82483e-01 }, 
		{1.15056e-01, 1.38271e-01, 6.62244e-02, -9.44214e-02, -7.67333e-02, 1.26732e-01, 1.75017e-01, 1.13424e-01, 4.25655e-02, 1.02014e-01, 6.59187e-02, 5.97364e-02, 1.83093e-02, 2.47966e-02, -4.19590e-02, -7.17043e-02, 7.40073e-03, 1.10630e-01, 6.69137e-02, -3.05060e-02, -2.37911e-02, 5.86061e-02, -7.07282e-02, -8.06955e-02, -8.21460e-02, 2.32436e-01, 2.11454e-02, -3.28910e-01, -2.39106e-01, -2.12160e-01, -2.12812e-01, -1.73100e-01, 1.11259e-01, 2.05863e-01, 4.58263e-02, 1.08231e-02, -1.07253e-01, -5.07703e-02, 1.39402e-01, 1.02799e-01, 3.51911e-02, 4.14381e-02, -3.59695e-02, -5.77791e-02, 1.52541e-02, -8.91735e-02, -4.51484e-02, 4.57838e-02, -2.10038e-02, 1.98575e-01, -3.24056e-02, -3.03306e-01, -2.59771e-01, -2.54878e-01, -9.50064e-02, -5.85237e-02, 3.87191e-02, 5.80172e-02, -9.70763e-02, -6.26006e-02, 1.13122e-01, 1.28826e-01, -1.79303e-03, 5.55851e-03, -9.17309e-03, 3.66359e-02, -3.31941e-03, 2.01301e-04, -6.89503e-02, -4.17505e-02, 1.22854e-01, 1.80777e-01, 7.71211e-02, -1.94258e-02, 3.80772e-02, 1.68991e-02, -6.49377e-02, 5.99300e-02, 4.91084e-02, 1.31890e-01, 2.59513e-02, 5.41953e-02, 2.66992e-02, -2.05626e-02, -8.09728e-02, -4.96485e-02, 1.58547e-01, 2.39104e-01, 1.45391e-01, 1.17457e-01, 1.88233e-01, 1.94394e-01, 1.91925e-01, -1.35786e-02, -4.03262e-02, 9.66450e-02, 1.41445e-01, 7.57955e-02, 4.75369e-02, 7.93838e-03, -3.99931e-03, -8.16688e-02, -2.99993e-02, 7.28865e-02, 1.41143e-01, 6.89024e-03, -2.21118e-02, -1.94144e-02, -3.31747e-03, -2.40651e-02, -3.60142e-02, 2.67169e-03, -6.91580e-02, -5.30979e-02, 2.53977e-02, -6.72239e-02, 4.43555e-02, 4.33907e-03, -1.29428e-02, -1.32544e-01, -1.04875e-01, 7.41129e-02, 1.20114e-01, 3.04246e-02, -3.83361e-02, -8.81818e-02, -9.20161e-02, 5.71104e-02, 1.71052e-01, 5.22432e-02, -3.88125e-02, -1.43724e-02, -8.60449e-02, -6.35653e-02, 5.34464e-02, 1.00302e-01, 3.26109e-02, -2.59287e-02, -6.78811e-02, -6.74059e-02, -3.10648e-02, -3.72078e-02, -7.31320e-02, -1.13329e-01, -4.45847e-02, -8.22538e-02, -9.37543e-02, -8.19051e-02, 1.02785e-01, 2.07374e-01, 4.47783e-02, -7.50672e-02, -2.54476e-02, -5.73164e-02, -3.94874e-02, -2.00055e-02, -7.08524e-02, -1.22288e-01, -4.99810e-02, -9.67947e-03, 9.96335e-02, 1.74274e-01, 8.71695e-02, -1.46082e-03, -7.26459e-03, -2.35115e-02, 2.55233e-02 }, 
		{3.95961e-02, 1.82865e-01, 1.04896e-01, -6.62267e-02, -9.73765e-02, 9.92768e-02, 1.54018e-01, 5.91919e-02, 3.74404e-02, 6.99537e-02, 8.20862e-02, 7.36190e-02, 2.47966e-02, -2.60017e-02, -4.03034e-02, 1.54737e-02, 3.75258e-02, 1.15686e-01, 7.53183e-02, 1.08592e-02, -4.23567e-02, 4.15141e-02, -5.97607e-02, -9.83230e-02, -1.70570e-01, -3.70128e-02, -1.37930e-01, -1.41930e-01, -1.68896e-01, -1.42472e-01, -2.13990e-01, -1.24637e-01, 1.04566e-02, 1.70753e-01, 1.03586e-01, 3.53000e-02, -2.21669e-02, -4.58527e-02, 3.22355e-02, 1.37178e-01, 3.99074e-02, 6.94820e-02, -7.09204e-03, -6.67396e-02, 1.49062e-02, -3.37343e-02, -4.50034e-02, 8.46107e-02, -6.33782e-02, -2.24945e-01, -1.33727e-01, -1.37017e-01, -1.73302e-01, -1.80766e-01, -3.98060e-02, 1.05014e-02, 8.42385e-03, 9.02655e-02, -6.47580e-02, -6.78250e-02, 4.39298e-02, 1.51077e-01, 2.47454e-03, 2.41112e-02, 2.67980e-03, 4.17755e-03, -1.32987e-02, -5.01145e-03, -2.56638e-02, -3.43756e-02, 1.12063e-01, 1.51933e-01, 7.83627e-02, 3.52379e-03, 4.21376e-02, 7.14315e-02, -2.03156e-02, 9.61091e-03, 4.26215e-02, 1.31557e-01, 2.70061e-02, 7.98649e-02, 2.27171e-02, 1.20579e-03, -7.24545e-02, -4.73475e-02, 1.50248e-01, 1.70827e-01, 1.33899e-01, 1.21463e-01, 2.00955e-01, 1.75896e-01, 1.48276e-01, 4.70612e-02, 3.44759e-02, 6.79005e-02, 1.25711e-01, 9.19084e-02, 5.01069e-02, 4.48661e-02, 1.30561e-02, -5.97887e-02, -5.99541e-02, 3.10504e-02, 1.70344e-01, 7.91269e-02, -3.85713e-02, -1.76905e-02, -2.98606e-02, -3.35154e-03, 1.00343e-02, -9.84942e-03, -5.03229e-02, -6.47076e-02, 8.86645e-02, -1.51988e-01, 7.16156e-02, -3.64520e-02, -2.04662e-02, -1.30005e-01, -1.06171e-01, 4.52321e-02, 1.62679e-01, 2.26867e-02, -4.58967e-02, -9.10639e-02, -7.37981e-02, 4.93521e-02, 1.31006e-01, 4.52021e-02, -3.09563e-02, 4.28306e-02, -7.22160e-02, -2.57507e-02, -1.12226e-02, 1.83371e-01, 9.10823e-02, 2.22909e-03, -1.24081e-01, -8.42567e-02, -5.65069e-02, -1.58305e-02, -6.30404e-02, -1.25381e-01, -3.74631e-02, 4.24420e-04, -9.30394e-02, -6.43304e-02, 6.14516e-02, 1.95023e-01, 3.38938e-02, -3.40230e-02, 5.61908e-03, 3.22890e-03, 2.30371e-02, -1.24735e-02, -5.84789e-02, -1.85522e-01, -7.01647e-02, -2.85065e-02, 9.77092e-02, 1.19148e-01, 1.22636e-01, -7.58215e-03, 6.21663e-02, -3.53690e-02, 4.06002e-02 }, 
		{-6.12406e-01, 4.45819e-01, -3.16469e-02, -4.30355e-02, 5.12132e-01, -6.77998e-01, 4.99794e-01, 7.53172e-02, 9.24393e-02, 3.11013e-02, 4.34368e-03, 1.54824e-01, -4.19590e-02, -4.03034e-02, -1.11073e-01, 5.02122e-01, -3.90534e-01, 3.28530e-01, 2.66675e-02, 6.56364e-02, 2.91700e-02, -5.67471e-02, -2.74748e-03, 4.28572e-01, -3.50748e-01, 2.17459e-01, -7.45160e-03, -3.02023e-02, 1.08167e-01, 1.14228e-01, -8.09274e-02, 4.08507e-01, -5.45908e-01, 4.40757e-01, -5.15334e-02, -8.82678e-02, -7.12681e-02, 3.68338e-01, -5.50325e-01, 3.74789e-01, 1.53052e-01, -5.45169e-02, -1.94400e-03, 6.54170e-02, 3.57679e-02, -8.06777e-02, 5.12068e-01, -5.19925e-01, 3.03953e-01, 1.39979e-03, 2.57689e-02, -6.33097e-02, 1.30212e-01, 1.50001e-01, -2.64119e-01, 5.81929e-01, -3.55282e-01, 2.40997e-01, -2.45354e-03, 2.77697e-01, -5.81240e-01, 4.15517e-01, 1.92333e-01, -1.30342e-02, -6.77637e-02, -6.09434e-02, 5.38938e-02, 7.83230e-02, -6.28757e-02, 4.03662e-01, -6.42429e-01, 5.18025e-01, 1.65435e-02, -7.61004e-02, 5.02985e-02, -3.02755e-02, -1.13673e-01, 4.72553e-01, -7.50123e-01, 5.48218e-01, 6.45536e-02, 4.85143e-02, 7.07817e-03, -8.13836e-02, -8.01556e-02, 4.52605e-01, -5.64251e-01, 5.55526e-01, 1.78983e-01, 1.14515e-01, 6.33779e-02, 1.99652e-01, 1.14754e-01, -2.10066e-03, 4.81991e-01, -7.30787e-01, 5.57033e-01, 1.17649e-01, -2.39167e-02, 5.45472e-02, -8.19979e-02, -7.32328e-02, 4.92486e-01, -6.37000e-01, 4.55266e-01, 4.31898e-02, -5.74382e-02, -3.43912e-02, -6.46575e-02, -2.38953e-02, 3.50698e-02, -2.04780e-02, -7.55457e-02, 4.06653e-01, -2.43284e-01, 1.61435e-01, 3.32772e-02, 4.89773e-02, 1.04737e-02, 2.28771e-01, 2.30599e-01, -4.30979e-01, 3.46856e-01, 2.84027e-02, -8.74964e-03, -9.82182e-02, 4.76539e-01, -4.05935e-01, 3.35386e-01, 7.66426e-02, -5.38393e-02, -3.09108e-02, -1.70561e-01, 5.10493e-01, -6.36717e-01, 3.92866e-01, 6.74272e-02, -9.68610e-02, -1.72018e-01, -3.77516e-02, 7.01205e-02, 2.40599e-02, 1.72433e-02, 3.48096e-02, -1.55028e-02, -1.93433e-01, -1.34207e-01, 4.26267e-01, -5.66802e-01, 3.81314e-01, 2.84831e-02, -5.45675e-02, -5.14813e-02, -5.44153e-03, -4.66969e-02, -3.37087e-03, -3.92436e-02, 5.40660e-02, -1.59438e-01, 4.24080e-01, -5.71484e-01, 4.35782e-01, -2.42067e-02, -6.90474e-02, -3.40879e-02, -1.38723e-01, 4.34149e-01 }, 
		{-3.03160e-01, -3.32023e-01, -4.06884e-02, 5.65396e-01, 3.05572e-01, -3.12585e-01, -5.55868e-01, 7.59112e-02, 3.54152e-02, 3.57321e-02, 1.05708e-01, 1.26268e-01, -7.17043e-02, 1.54737e-02, 5.02122e-01, 3.83222e-01, -2.13055e-01, -3.25987e-01, 1.09260e-01, 1.19508e-01, 5.64485e-02, -7.16297e-02, 4.43672e-01, 2.43427e-01, -1.71096e-01, -2.18556e-01, 1.45950e-01, 1.51409e-01, -8.02184e-02, -2.62071e-03, 4.42314e-01, 1.52354e-01, -2.52603e-01, -2.61471e-01, 7.94824e-02, -1.45483e-01, 4.77148e-01, 1.29143e-01, -3.05274e-01, -3.96670e-01, 3.27880e-03, 9.14106e-02, 1.84283e-01, 3.95937e-02, -8.95841e-02, 5.04671e-01, 3.48651e-01, -3.36095e-01, -4.60897e-01, 1.69371e-01, 5.05759e-02, 2.15612e-01, -1.87781e-02, -2.20795e-02, 5.23905e-01, 2.25522e-01, -1.55512e-01, -2.38728e-01, 3.02795e-01, 1.97033e-01, -2.55896e-01, -3.65910e-01, -8.69879e-02, 2.57606e-01, 3.73457e-02, -9.08913e-02, 6.05173e-02, -3.66562e-02, 4.72222e-01, 2.80770e-01, -2.99504e-01, -4.39209e-01, 3.53292e-01, -3.87961e-02, -2.30056e-02, -5.82254e-02, 5.44708e-01, 1.60995e-01, -3.09930e-01, -4.98851e-01, 8.40739e-02, 1.54233e-01, -4.67929e-02, -2.79552e-02, 5.43939e-01, 2.90939e-01, -2.05339e-01, -4.42760e-01, 4.28387e-02, 8.79824e-02, 2.85530e-01, 1.28662e-01, 1.66827e-01, 5.16458e-01, 4.54963e-01, -2.52449e-01, -4.33457e-01, 4.91015e-02, -3.46145e-02, 7.65056e-02, -1.11050e-02, 5.23834e-01, 3.38763e-01, -2.90499e-01, -3.51460e-01, 1.37559e-01, 2.64838e-01, -1.36562e-01, -1.61625e-01, -5.93774e-02, -8.50842e-02, 4.97942e-02, 3.94596e-01, 2.13067e-01, -4.10806e-02, -2.14414e-01, -1.23409e-01, 2.37499e-01, 1.67816e-01, 7.02945e-02, 2.39800e-01, -2.11734e-01, -2.65639e-01, 4.81044e-02, 2.09333e-03, 5.05136e-01, 2.04307e-01, -2.57761e-01, -3.64215e-01, 2.66142e-01, -6.14999e-02, 3.31001e-02, 4.87231e-01, 1.63816e-01, -2.83356e-01, -3.73281e-01, 9.20761e-02, 3.32281e-01, -1.03069e-01, -4.90754e-02, -2.73259e-01, -1.38105e-01, -8.30540e-02, 1.72050e-03, -5.05657e-02, 5.41626e-02, 4.60455e-01, 1.91381e-01, -3.15560e-01, -3.58742e-01, 1.21249e-01, 2.72124e-01, -9.77728e-02, -1.23059e-01, -1.53732e-01, -1.32623e-01, 5.79933e-02, 1.08007e-01, 4.50358e-01, 1.65154e-01, -3.25184e-01, -3.55525e-01, 4.17479e-01, -6.99810e-02, -1.61246e-01, 4.66285e-01, 1.00231e-01 }, 
